9,9161	0,34911	0,66912	0,97204	1,2806	1,5657	1,8192	2,122	2,4123	2,7353	3,0348	3,3395	3,6759	3,9814	4,3156	4,6721	5,0149	5,3661	5,7214	6,0616	6,3892	6,7179	7,0017	7,3165	7,6141	7,9145	8,2629	8,5645	8,8455	9,2303	9,5453	
9,567	9,9161	0,32001	0,62293	0,93149	1,2166	1,4701	1,7729	2,0632	2,3862	2,6857	2,9903	3,3268	3,6323	3,9665	4,323	4,6658	5,017	5,3722	5,7125	6,04	6,3688	6,6526	6,9674	7,265	7,5654	7,9138	8,2154	8,4964	8,8812	9,1962	
9,247	9,5961	9,9161	0,30292	0,61148	0,89655	1,1501	1,4529	1,7432	2,0662	2,3657	2,6703	3,0068	3,3123	3,6465	4,003	4,3458	4,697	5,0522	5,3924	5,72	6,0488	6,3326	6,6474	6,9449	7,2454	7,5938	7,8954	8,1763	8,5611	8,8762	
8,9441	9,2932	9,6132	9,9161	0,30856	0,59362	0,84719	1,1499	1,4403	1,7633	2,0628	2,3674	2,7039	3,0094	3,3435	3,7	4,0429	4,3941	4,7493	5,0895	5,4171	5,7459	6,0296	6,3444	6,642	6,9425	7,2909	7,5924	7,8734	8,2582	8,5733	
8,6355	8,9846	9,3046	9,6076	9,9161	0,28507	0,53864	0,84138	1,1317	1,4547	1,7542	2,0589	2,3953	2,7008	3,035	3,3915	3,7343	4,0855	4,4408	4,781	5,1086	5,4373	5,7211	6,0359	6,3335	6,6339	6,9823	7,2839	7,5649	7,9497	8,2647	
8,3505	8,6996	9,0196	9,3225	9,631	9,9161	0,25357	0,55631	0,84664	1,1696	1,4692	1,7738	2,1102	2,4158	2,7499	3,1064	3,4492	3,8005	4,1557	4,4959	4,8235	5,1523	5,436	5,7508	6,0484	6,3488	6,6972	6,9988	7,2798	7,6646	7,9797	
8,0969	8,446	8,766	9,0689	9,3775	9,6625	9,9161	0,30274	0,59308	0,91607	1,2156	1,5202	1,8567	2,1622	2,4964	2,8529	3,1957	3,5469	3,9021	4,2423	4,5699	4,8987	5,1824	5,4972	5,7948	6,0953	6,4437	6,7453	7,0262	7,411	7,7261	
7,7941	8,1432	8,4633	8,7662	9,0747	9,3598	9,6134	9,9161	0,29033	0,61333	0,91285	1,2175	1,5539	1,8594	2,1936	2,5501	2,8929	3,2441	3,5994	3,9396	4,2672	4,596	4,8797	5,1945	5,4921	5,7925	6,1409	6,4425	6,7235	7,1083	7,4234	
7,5038	7,8529	8,1729	8,4758	8,7844	9,0695	9,323	9,6258	9,9161	0,323	0,62252	0,92715	1,2636	1,5691	1,9033	2,2598	2,6026	2,9538	3,309	3,6493	3,9768	4,3056	4,5894	4,9042	5,2018	5,5022	5,8506	6,1522	6,4332	6,818	7,133	
7,1808	7,5299	7,8499	8,1528	8,4614	8,7465	9	9,3028	9,5931	9,9161	0,29952	0,60415	0,94058	1,2461	1,5803	1,9368	2,2796	2,6308	2,986	3,3263	3,6538	3,9826	4,2664	4,5812	4,8788	5,1792	5,5276	5,8292	6,1102	6,495	6,81	
6,8813	7,2304	7,5504	7,8533	8,1619	8,447	8,7005	9,0033	9,2936	9,6166	9,9161	0,30463	0,64106	0,9466	1,2808	1,6373	1,9801	2,3313	2,6865	3,0267	3,3543	3,6831	3,9669	4,2816	4,5792	4,8797	5,2281	5,5297	5,8106	6,1954	6,5105	
6,5767	6,9258	7,2458	7,5487	7,8573	8,1423	8,3959	8,6986	8,989	9,312	9,6115	9,9161	0,33644	0,64197	0,97613	1,3326	1,6754	2,0267	2,3819	2,7221	3,0497	3,3785	3,6622	3,977	4,2746	4,5751	4,9235	5,225	5,506	5,8908	6,2059	
6,2402	6,5893	6,9093	7,2123	7,5208	7,8059	8,0595	8,3622	8,6525	8,9755	9,2751	9,5797	9,9161	0,30553	0,6397	0,9962	1,339	1,6902	2,0455	2,3857	2,7133	3,042	3,3258	3,6406	3,9382	4,2386	4,587	4,8886	5,1696	5,5544	5,8694	
5,9347	6,2838	6,6038	6,9067	7,2153	7,5004	7,7539	8,0567	8,347	8,67	8,9695	9,2741	9,6106	9,9161	0,33416	0,69066	1,0335	1,3847	1,7399	2,0801	2,4077	2,7365	3,0203	3,3351	3,6326	3,9331	4,2815	4,5831	4,864	5,2488	5,5639	
5,6005	5,9496	6,2696	6,5726	6,8811	7,1662	7,4198	7,7225	8,0128	8,3358	8,6354	8,94	9,2764	9,582	9,9161	0,3565	0,69931	1,0505	1,4058	1,746	2,0736	2,4023	2,6861	3,0009	3,2985	3,5989	3,9473	4,2489	4,5299	4,9147	5,2297	
5,244	5,5931	5,9131	6,2161	6,5246	6,8097	7,0633	7,366	7,6563	7,9793	8,2789	8,5835	8,9199	9,2255	9,5596	9,9161	0,34281	0,69403	1,0493	1,3895	1,7171	2,0458	2,3296	2,6444	2,942	3,2424	3,5908	3,8924	4,1734	4,5582	4,8732	
4,9012	5,2503	5,5703	5,8733	6,1818	6,4669	6,7205	7,0232	7,3135	7,6365	7,936	8,2407	8,5771	8,8826	9,2168	9,5733	9,9161	0,35122	0,70646	1,0467	1,3743	1,703	1,9868	2,3016	2,5992	2,8996	3,248	3,5496	3,8306	4,2154	4,5304	
4,55	4,8991	5,2191	5,522	5,8306	6,1157	6,3692	6,672	6,9623	7,2853	7,5848	7,8895	8,2259	8,5314	8,8656	9,2221	9,5649	9,9161	0,35524	0,69545	1,023	1,3518	1,6356	1,9504	2,2479	2,5484	2,8968	3,1984	3,4793	3,8641	4,1792	
4,1948	4,5439	4,8639	5,1668	5,4754	5,7604	6,014	6,3167	6,6071	6,9301	7,2296	7,5342	7,8707	8,1762	8,5103	8,8669	9,2097	9,5609	9,9161	0,34021	0,6678	0,99658	1,2803	1,5951	1,8927	2,1932	2,5416	2,8431	3,1241	3,5089	3,824	
3,8546	4,2037	4,5237	4,8266	5,1351	5,4202	5,6738	5,9765	6,2669	6,5899	6,8894	7,194	7,5304	7,836	8,1701	8,5266	8,8694	9,2207	9,5759	9,9161	0,32759	0,65637	0,94011	1,2549	1,5525	1,8529	2,2013	2,5029	2,7839	3,1687	3,4838	
3,527	3,8761	4,1961	4,499	4,8076	5,0926	5,3462	5,6489	5,9393	6,2623	6,5618	6,8664	7,2029	7,5084	7,8426	8,1991	8,5419	8,8931	9,2483	9,5885	9,9161	0,32878	0,61252	0,92732	1,2249	1,5254	1,8738	2,1753	2,4563	2,8411	3,1562	
3,1982	3,5473	3,8673	4,1702	4,4788	4,7638	5,0174	5,3202	5,6105	5,9335	6,233	6,5376	6,8741	7,1796	7,5138	7,8703	8,2131	8,5643	8,9195	9,2597	9,5873	9,9161	0,28374	0,59854	0,89612	1,1966	1,545	1,8465	2,1275	2,5123	2,8274	
2,9144	3,2635	3,5836	3,8865	4,195	4,4801	4,7337	5,0364	5,3267	5,6497	5,9493	6,2539	6,5903	6,8959	7,23	7,5865	7,9293	8,2806	8,6358	8,976	9,3036	9,6324	9,9161	0,3148	0,61238	0,91283	1,2612	1,5628	1,8438	2,2286	2,5436	
2,5996	2,9487	3,2688	3,5717	3,8802	4,1653	4,4189	4,7216	5,0119	5,3349	5,6345	5,9391	6,2755	6,5811	6,9152	7,2717	7,6145	7,9658	8,321	8,6612	8,9888	9,3176	9,6013	9,9161	0,29758	0,59803	0,94643	1,248	1,529	1,9138	2,2288	
2,3021	2,6512	2,9712	3,2741	3,5827	3,8677	4,1213	4,424	4,7144	5,0374	5,3369	5,6415	5,9779	6,2835	6,6176	6,9741	7,317	7,6682	8,0234	8,3636	8,6912	9,02	9,3037	9,6185	9,9161	0,30045	0,64885	0,95043	1,2314	1,6162	1,9313	
2,0016	2,3507	2,6707	2,9736	3,2822	3,5673	3,8208	4,1236	4,4139	4,7369	5,0364	5,3411	5,6775	5,983	6,3172	6,6737	7,0165	7,3677	7,723	8,0632	8,3908	8,7195	9,0033	9,3181	9,6157	9,9161	0,3484	0,64998	0,93095	1,3158	1,6308	
1,6532	2,0023	2,3223	2,6253	2,9338	3,2189	3,4724	3,7752	4,0655	4,3885	4,688	4,9927	5,3291	5,6346	5,9688	6,3253	6,6681	7,0193	7,3746	7,7148	8,0424	8,3711	8,6549	8,9697	9,2673	9,5677	9,9161	0,30158	0,58255	0,96736	1,2824	
1,3516	1,7007	2,0208	2,3237	2,6322	2,9173	3,1709	3,4736	3,7639	4,0869	4,3865	4,6911	5,0275	5,3331	5,6672	6,0237	6,3665	6,7178	7,073	7,4132	7,7408	8,0696	8,3533	8,6681	8,9657	9,2661	9,6145	9,9161	0,28098	0,66578	0,98084	
1,0707	1,4198	1,7398	2,0427	2,3513	2,6363	2,8899	3,1926	3,483	3,806	4,1055	4,4101	4,7465	5,0521	5,3862	5,7427	6,0856	6,4368	6,792	7,1322	7,4598	7,7886	8,0723	8,3871	8,6847	8,9852	9,3336	9,6351	9,9161	0,38481	0,69987	
0,68585	1,035	1,355	1,6579	1,9664	2,2515	2,5051	2,8078	3,0982	3,4212	3,7207	4,0253	4,3617	4,6673	5,0014	5,3579	5,7007	6,052	6,4072	6,7474	7,075	7,4038	7,6875	8,0023	8,2999	8,6004	8,9488	9,2503	9,5313	9,9161	0,31506	
0,37079	0,7199	1,0399	1,3428	1,6514	1,9365	2,19	2,4928	2,7831	3,1061	3,4056	3,7102	4,0467	4,3522	4,6864	5,0429	5,3857	5,7369	6,0921	6,4324	6,7599	7,0887	7,3725	7,6873	7,9848	8,2853	8,6337	8,9353	9,2162	9,6011	9,9161	
